中国石化
1
0.233349
2
0.183766
4
0.089096
6
0.069570
8
0.063008
10
0.061691
12
0.060770
14
0.058422
16
0.069917
18
0.056212
20
0.088603
22
0.051166
24
0.053584
26
0.046998
28
0.048157
30
0.065902
32
0.047327
34
0.047724
36
0.046046
38
0.067428
40
0.058213
42
0.069769
44
0.77550
46
0.068250
48
0.074063
50
0.067537
52
0.071529
54
0.077501
56
0.086469
58
0.067325
60
0.064199
62
0.071027
64
0.077767
66
0.074439
68
0.069466
70
0.065873
72
0.069363
74
0.065432
76
0.069253
78
0.073402
80
0.083407
82
0.070395
84
0.067925
86
0.066884
88
0.068166
90
0.077934
92
0.065457
94
0.064757
96
0.080545
98
0.067606
100
0.066011

